1.035547120601728	0.95
1.0356184115759839	0.9500986193293885
1.0357142857142856	0.950197238658777
1.0357583230579532	0.9502958579881656
1.0358473091868168	0.9503944773175542
1.0359338197276955	0.9504930966469427
1.0360122968818621	0.9505917159763313
1.0360893942983496	0.9506903353057199
1.0361858190709046	0.9507889546351085
1.036241610738255	0.950887573964497
1.036324828553924	0.9509861932938856
1.0364109232769831	0.9510848126232742
1.0364891518737673	0.9511834319526626
1.0365667074663403	0.9512820512820512
1.036652835408022	0.9513806706114398
1.0367044419710614	0.9514792899408283
1.0368183397012851	0.9515779092702169
1.0368971213475235	0.9516765285996055
1.0369705493366264	0.9517751479289941
1.037037037037037	0.9518737672583826
1.0370674128393156	0.9519723865877712
1.0371889526934646	0.9520710059171598
1.037275264582123	0.9521696252465482
1.0373640092741216	0.9522682445759368
1.0374547479810636	0.9523668639053254
1.0375335120643432	0.9524654832347139
1.0376100293411576	0.9525641025641025
1.0376940133037695	0.9526627218934911
1.0377779845538289	0.9527613412228796
1.0378657487091223	0.9528599605522682
1.0379616963064295	0.9529585798816568
1.0380230485502002	0.9530571992110454
1.038142822325128	0.9531558185404339
1.038220149962035	0.9532544378698224
1.0383091954256465	0.953353057199211
1.0383960902279894	0.9534516765285995
1.0384615384615383	0.9535502958579881
1.0384615384615385	0.9536489151873767
1.0385174226613478	0.9537475345167652
1.0385839299920447	0.9538461538461538
1.0386802030456852	0.9539447731755424
1.038780245276765	0.954043392504931
1.0388516869740791	0.9541420118343195
1.0389610389610389	0.954240631163708
1.0390943232702585	0.9543392504930966
1.039198147953278	0.9544378698224851
1.039301850994608	0.9545364891518737
1.0394144144144144	0.9546351084812623
1.0395071640680809	0.9547337278106508
1.0396082230115165	0.9548323471400394
1.0397243186957204	0.954930966469428
1.039839774818664	0.9550295857988166
1.0399593633592956	0.9551282051282051
1.04	0.9552268244575937
1.0400498891352548	0.9553254437869823
1.0401738267872747	0.9554240631163707
1.0402811570694783	0.9555226824457593
1.0403668599122724	0.9556213017751479
1.040480594928016	0.9557199211045364
1.0405923910836818	0.955818540433925
1.0406940063091483	0.9559171597633136
1.0408162491084842	0.9560157790927021
1.0408940563295581	0.9561143984220907
1.0410332468174512	0.9562130177514793
1.0411314518775492	0.9563116370808679
1.0411927785293185	0.9564102564102563
1.0413013363416919	0.9565088757396449
1.041443174984967	0.9566074950690335
1.041541459855416	0.956706114398422
1.0416666666666667	0.9568047337278106
1.0417910447761194	0.9569033530571992
1.041899441340782	0.9570019723865877
1.0420368895152892	0.9571005917159763
1.0421638822593475	0.9571992110453649
1.042251706814376	0.9572978303747535
1.0423343404284318	0.957396449704142
1.042457996100115	0.9574950690335305
1.0425442291491154	0.9575936883629191
1.0426434155550393	0.9576923076923076
1.0427543679342242	0.9577909270216962
1.0428610891546757	0.9578895463510848
1.042982456140351	0.9579881656804733
1.043117102394405	0.9580867850098619
1.04323833756047	0.9581854043392505
1.0433785400877542	0.958284023668639
1.0434725332630748	0.9583826429980276
1.043519498048371	0.9584812623274162
1.0436325926231664	0.9585798816568047
1.0437818181818184	0.9586785009861932
1.0438926712054466	0.9587771203155818
1.0439906219151036	0.9588757396449704
1.0441126551671915	0.9589743589743589
1.0442594215600352	0.9590729783037475
1.0443645352404067	0.9591715976331361
1.044516129032258	0.9592702169625246
1.0446801167205295	0.9593688362919132
1.0447761194029852	0.9594674556213018
1.0449204100341696	0.9595660749506904
1.0450542271004835	0.9596646942800788
1.0451612903225806	0.9597633136094674
1.0452827423658646	0.959861932938856
1.0454545454545454	0.9599605522682445
1.0455841180962075	0.9600591715976331
1.045763056289372	0.9601577909270217
1.0458715596330275	0.9602564102564102
1.0460321871605063	0.9603550295857988
1.0461691362486447	0.9604536489151874
1.0463411161731206	0.960552268244576
1.0465237846314688	0.9606508875739644
1.0466480074636813	0.960749506903353
1.0468115595892047	0.9608481262327416
1.0469919185872494	0.9609467455621301
1.0471331389698737	0.9610453648915187
1.0472644944449632	0.9611439842209073
1.04742675632751	0.9612426035502958
1.0475575640197978	0.9613412228796844
1.047719298245614	0.961439842209073
1.0478835184629238	0.9615384615384615
1.048	0.96163708086785
1.0481544854558789	0.9617357001972386
1.0482890949792134	0.9618343195266272
1.048432378002397	0.9619329388560157
1.04862087614927	0.9620315581854043
1.0487779402548567	0.9621301775147929
1.0489690721649485	0.9622287968441814
1.0491803278688523	0.96232741617357
1.0493249496834094	0.9624260355029586
1.0495049504950495	0.9625246548323471
1.0496676282453279	0.9626232741617357
1.0498560526436047	0.9627218934911242
1.05	0.9628205128205127
1.050238898257448	0.9629191321499013
1.0504342953208181	0.9630177514792899
1.050697084917617	0.9631163708086785
1.0508652034037045	0.963214990138067
1.0510424351722818	0.9633136094674556
1.0512160898035547	0.9634122287968442
1.0513874614594039	0.9635108481262327
1.0515629631666927	0.9636094674556213
1.051743853630646	0.9637080867850099
1.051980198019802	0.9638067061143983
1.052206673842842	0.9639053254437869
1.0523731587561376	0.9640039447731755
1.0526046374501477	0.9641025641025641
1.0527323404375124	0.9642011834319526
1.0529048428967862	0.9642998027613412
1.0530973451327434	0.9643984220907298
1.0532641307721489	0.9644970414201183
1.0534822327312785	0.9645956607495069
1.0536745979259592	0.9646942800788955
1.053816119051127	0.9647928994082839
1.0540144830042342	0.9648915187376725
1.0541933008584603	0.9649901380670611
1.0543373128726308	0.9650887573964497
1.0545065195495749	0.9651873767258382
1.0547271797226485	0.9652859960552268
1.0549196026903032	0.9653846153846154
1.055157198014341	0.9654832347140039
1.0553514391022953	0.9655818540433925
1.0555555555555556	0.9656804733727811
1.0556424080098399	0.9657790927021696
1.0558659217877095	0.9658777120315581
1.0560401768655494	0.9659763313609467
1.0562851782363978	0.9660749506903352
1.0564726195614962	0.9661735700197238
1.056734137796808	0.9662721893491124
1.0569422036632816	0.966370808678501
1.0571428571428572	0.9664694280078895
1.0573387403147005	0.9665680473372781
1.0575857508746673	0.9666666666666667
1.0578105781057812	0.9667652859960552
1.0580698315293047	0.9668639053254438
1.058280471227911	0.9669625246548323
1.0585197934595525	0.9670611439842208
1.0587833219412166	0.9671597633136094
1.0588235294117647	0.967258382642998
1.0588235294117647	0.9673570019723866
1.0590188122464037	0.9674556213017751
1.0592447916666665	0.9675542406311637
1.0594897613995318	0.9676528599605523
1.059724869066103	0.9677514792899408
1.0599781329723539	0.9678500986193294
1.0602139662222843	0.967948717948718
1.060412569666011	0.9680473372781064
1.0606571187868576	0.968145956607495
1.0609613130128956	0.9682445759368836
1.0612621204895882	0.9683431952662722
1.061614745000033	0.9684418145956607
1.0618822945120436	0.9685404339250493
1.0621720071618201	0.9686390532544379
1.0625	0.9687376725838264
1.0625	0.968836291913215
1.0625	0.9689349112426036
1.0625000000000002	0.969033530571992
1.0627615062761506	0.9691321499013806
1.0630438986656352	0.9692307692307692
1.0633214676889375	0.9693293885601577
1.063650913091141	0.9694280078895463
1.0639691149880273	0.9695266272189349
1.0643015521064303	0.9696252465483235
1.06453522794553	0.969723865877712
1.064748201438849	0.9698224852071006
1.0650224215246638	0.9699211045364892
1.0652587519025876	0.9700197238658776
1.06553911205074	0.9701183431952662
1.0659191301393136	0.9702169625246548
1.066168009205984	0.9703155818540433
1.0664615384615386	0.9704142011834319
1.0666666666666664	0.9705128205128205
1.0666666666666664	0.970611439842209
1.0666666666666667	0.9707100591715976
1.0666666666666667	0.9708086785009862
1.0666666666666667	0.9709072978303748
1.0666666666666667	0.9710059171597633
1.0666666666666667	0.9711045364891518
1.0666666666666667	0.9712031558185404
1.0666666666666667	0.9713017751479289
1.0666666666666667	0.9714003944773175
1.0666666666666669	0.9714990138067061
1.0666666666666669	0.9715976331360946
1.0666666666666669	0.9716962524654832
1.067004628609213	0.9717948717948718
1.067357512953368	0.9718934911242604
1.0676229508196722	0.9719921104536489
1.0680024408054658	0.9720907297830375
1.0683030949839916	0.972189349112426
1.0686001915825654	0.9722879684418145
1.0689068618011426	0.9723865877712031
1.0692167577413478	0.9724852071005917
1.0695140503721028	0.9725838264299802
1.0699116527402015	0.9726824457593688
1.0702924576706	0.9727810650887574
1.0706163973668463	0.972879684418146
1.0710433327134088	0.9729783037475345
1.0714285714285714	0.9730769230769231
1.0714285714285714	0.9731755424063117
1.0714285714285714	0.9732741617357001
1.0714285714285714	0.9733727810650887
1.0714285714285714	0.9734714003944773
1.0714285714285714	0.9735700197238658
1.0714285714285714	0.9736686390532544
1.0714285714285714	0.973767258382643
1.0714285714285714	0.9738658777120315
1.0714285714285714	0.9739644970414201
1.0714285714285714	0.9740631163708087
1.0714285714285714	0.9741617357001973
1.0714285714285714	0.9742603550295857
1.0714285714285714	0.9743589743589743
1.0714285714285714	0.9744575936883629
1.0714285714285714	0.9745562130177514
1.0714285714285714	0.97465483234714
1.0714285714285714	0.9747534516765286
1.0714285714285714	0.9748520710059171
1.0714285714285714	0.9749506903353057
1.0714285714285714	0.9750493096646943
1.0714285714285714	0.9751479289940829
1.0714285714285714	0.9752465483234714
1.0714285714285714	0.97534516765286
1.0714285714285714	0.9754437869822485
1.0714285714285714	0.975542406311637
1.0714285714285714	0.9756410256410256
1.0714285714285714	0.9757396449704142
1.0714285714285714	0.9758382642998027
1.0714285714285714	0.9759368836291913
1.0714285714285714	0.9760355029585799
1.0714285714285714	0.9761341222879685
1.0714285714285714	0.976232741617357
1.0714285714285714	0.9763313609467456
1.0714285714285714	0.9764299802761341
1.0714285714285714	0.9765285996055226
1.0714285714285714	0.9766272189349112
1.0714285714285714	0.9767258382642998
1.0714285714285714	0.9768244575936883
1.0714285714285714	0.9769230769230769
1.0714285714285714	0.9770216962524655
1.0714285714285714	0.977120315581854
1.0714285714285714	0.9772189349112426
1.0716723549488054	0.9773175542406312
1.0719656150520853	0.9774161735700198
1.0724077720399747	0.9775147928994082
1.0726520968694624	0.9776134122287968
1.073082489146165	0.9777120315581854
1.0733549083063645	0.9778106508875739
1.073691967575534	0.9779092702169625
1.0740740740740742	0.9780078895463511
1.074433656957929	0.9781065088757396
1.0749101365923794	0.9782051282051282
1.075296379365588	0.9783037475345168
1.0758064516129031	0.9784023668639054
1.0761931795142128	0.9785009861932938
1.076541774921373	0.9785996055226824
1.0769230769230769	0.978698224852071
1.0769230769230769	0.9787968441814595
1.0769230769230769	0.9788954635108481
1.0769230769230769	0.9789940828402367
1.0769230769230769	0.9790927021696252
1.0769230769230769	0.9791913214990138
1.0769230769230769	0.9792899408284024
1.0769230769230769	0.979388560157791
1.0769230769230769	0.9794871794871794
1.0769230769230769	0.979585798816568
1.0769230769230769	0.9796844181459566
1.0769230769230769	0.9797830374753451
1.0769230769230769	0.9798816568047337
1.0769230769230769	0.9799802761341223
1.0769230769230769	0.9800788954635108
1.0769230769230769	0.9801775147928994
1.0769230769230769	0.980276134122288
1.0769230769230769	0.9803747534516765
1.0769230769230769	0.9804733727810651
1.0769230769230769	0.9805719921104536
1.0769230769230769	0.9806706114398422
1.0769230769230769	0.9807692307692307
1.0769230769230769	0.9808678500986193
1.0769230769230769	0.9809664694280079
1.0769230769230769	0.9810650887573964
1.0769230769230769	0.981163708086785
1.0769230769230769	0.9812623274161736
1.0769230769230769	0.9813609467455621
1.0769230769230769	0.9814595660749507
1.0769230769230769	0.9815581854043393
1.077217308152044	0.9816568047337277
1.077681604031993	0.9817554240631163
1.078034682080925	0.9818540433925049
1.0783277995774223	0.9819526627218935
1.0786516853932586	0.982051282051282
1.0790273556231003	0.9821499013806706
1.0795730228044638	0.9822485207100592
1.079958463136033	0.9823471400394477
1.080259691381257	0.9824457593688363
1.0806223479490804	0.9825443786982249
1.0812339880444066	0.9826429980276133
1.081700431750249	0.9827416173570019
1.0823863636363638	0.9828402366863905
1.0829122645842904	0.9829388560157791
1.083380601247873	0.9830374753451676
1.0839522118178884	0.9831360946745562
1.0844887348353551	0.9832347140039448
1.0849056603773586	0.9833333333333333
1.0853932584269663	0.9834319526627219
1.08588498879761	0.9835305719921105
1.0865800865800868	0.983629191321499
1.087340529931305	0.9837278106508875
1.0879410096426545	0.9838264299802761
1.088516746411483	0.9839250493096647
1.089103125912942	0.9840236686390532
1.0899357601713062	0.9841222879684418
1.0904503105590062	0.9842209072978304
1.090909090909091	0.9843195266272189
1.0914314974965862	0.9844181459566075
1.092101341281669	0.9845167652859961
1.092920353982301	0.9846153846153846
1.093522809404362	0.9847140039447732
1.0941929114930224	0.9848126232741617
1.0946902654867254	0.9849112426035502
1.0952380952380953	0.9850098619329388
1.095774647887324	0.9851084812623274
1.096562012612735	0.985207100591716
1.097165991902834	0.9853057199211045
1.0979827089337175	0.9854043392504931
1.0986132511556241	0.9855029585798817
1.0994764397905759	0.9856015779092702
1.1	0.9857001972386588
1.1009174311926606	0.9857988165680474
1.1016042780748663	0.9858974358974358
1.1024089992571366	0.9859960552268244
1.1030444964871193	0.986094674556213
1.103807906863934	0.9861932938856016
1.1045828437132785	0.9862919132149901
1.1054158607350097	0.9863905325443787
1.1060695344725988	0.9864891518737673
1.106896551724138	0.9865877712031558
1.107711546477699	0.9866863905325444
1.1086956521739129	0.986785009861933
1.1095043201455206	0.9868836291913214
1.1101769226801466	0.98698224852071
1.1111111111111112	0.9870808678500986
1.111597374179431	0.9871794871794872
1.1123335263462653	0.9872781065088757
1.11328125	0.9873767258382643
1.1142355008787346	0.9874753451676529
1.1152943177951682	0.9875739644970414
1.116038362928497	0.98767258382643
1.1170212765957446	0.9877712031558186
1.1176470588235294	0.987869822485207
1.1185576077396657	0.9879684418145956
1.1196754563894522	0.9880670611439842
1.1206839855310753	0.9881656804733727
1.1219073324336482	0.9882642998027613
1.1229508196721312	0.9883629191321499
1.124197002141328	0.9884615384615385
1.125	0.988560157790927
1.1255623721881391	0.9886587771203156
1.1269035532994924	0.9887573964497042
1.1279251170046802	0.9888560157790927
1.129230769230769	0.9889546351084813
1.130388245596964	0.9890532544378698
1.131739572736521	0.9891518737672583
1.1332908163265307	0.9892504930966469
1.1334152669670898	0.9893491124260355
1.1346153846153846	0.989447731755424
1.1358276531170706	0.9895463510848126
1.1372549019607843	0.9896449704142012
1.1388269402319358	0.9897435897435898
1.1403451644415499	0.9898422090729783
1.1421709894332372	0.9899408284023669
1.1428571428571428	0.9900394477317555
1.1428571428571428	0.9901380670611439
1.1428571428571428	0.9902366863905325
1.1428571428571428	0.9903353057199211
1.1428571428571428	0.9904339250493097
1.1428571428571428	0.9905325443786982
1.1428571428571428	0.9906311637080868
1.1428571428571428	0.9907297830374754
1.1428571428571428	0.9908284023668639
1.1428571428571428	0.9909270216962525
1.1428571428571428	0.9910256410256411
1.1428571428571428	0.9911242603550295
1.142857142857143	0.9912228796844181
1.142857142857143	0.9913214990138067
1.142857142857143	0.9914201183431952
1.142857142857143	0.9915187376725838
1.1443589640310954	0.9916173570019724
1.1455160744500847	0.991715976331361
1.146771037181996	0.9918145956607495
1.1485714285714286	0.9919132149901381
1.1500815660685155	0.9920118343195267
1.1516587677725119	0.9921104536489151
1.1536098310291858	0.9922090729783037
1.1538461538461537	0.9923076923076923
1.1538461538461537	0.9924063116370808
1.1538461538461537	0.9925049309664694
1.1538461538461537	0.992603550295858
1.1538461538461537	0.9927021696252465
1.1538461538461537	0.9928007889546351
1.1538461538461537	0.9928994082840237
1.153846153846154	0.9929980276134123
1.153846153846154	0.9930966469428008
1.153846153846154	0.9931952662721893
1.153846153846154	0.9932938856015779
1.153846153846154	0.9933925049309664
1.153846153846154	0.993491124260355
1.153846153846154	0.9935897435897436
1.153846153846154	0.9936883629191321
1.153846153846154	0.9937869822485207
1.153846153846154	0.9938856015779093
1.1545064377682404	0.9939842209072979
1.15695067264574	0.9940828402366864
1.158483530142946	0.994181459566075
1.1606714628297363	0.9942800788954635
1.1630434782608696	0.994378698224852
1.1645569620253164	0.9944773175542406
1.1666666666666665	0.9945759368836292
1.1691542288557215	0.9946745562130177
1.170731707317073	0.9947731755424063
1.1728618918102145	0.9948717948717949
1.175257731958763	0.9949704142011835
1.1777777777777778	0.995069033530572
1.1801034885661827	0.9951676528599606
1.182597231377719	0.9952662721893492
1.1849148418491484	0.9953648915187376
1.1875	0.9954635108481262
1.1904761904761905	0.9955621301775148
1.1932367149758454	0.9956607495069033
1.1957494407158837	0.9957593688362919
1.1991150442477876	0.9958579881656805
1.2000000000000002	0.995956607495069
1.203125	0.9960552268244576
1.2068965517241381	0.9961538461538462
1.2102689486552567	0.9962524654832348
1.2142857142857142	0.9963510848126232
1.2142857142857144	0.9964497041420118
1.21875	0.9965483234714004
1.2222222222222223	0.9966469428007889
1.2266666666666668	0.9967455621301775
1.2307692307692308	0.9968441814595661
1.232142857142857	0.9969428007889546
1.2367149758454106	0.9970414201183432
1.2418981481481481	0.9971400394477318
1.2470588235294118	0.9972386587771203
1.25	0.9973372781065089
1.2522255192878338	0.9974358974358974
1.2587243015287295	0.997534516765286
1.264935064935065	0.9976331360946745
1.2727272727272727	0.9977317554240631
1.2795698924731183	0.9978303747534517
1.2857142857142856	0.9979289940828402
1.2925430210325048	0.9980276134122288
1.3	0.9981262327416174
1.308219178082192	0.998224852071006
1.3181818181818181	0.9983234714003945
1.3276450511945392	0.998422090729783
1.3454545454545455	0.9985207100591716
1.3638814016172507	0.9986193293885601
1.3805309734513274	0.9987179487179487
1.3928571428571428	0.9988165680473373
1.4105263157894736	0.9989151873767258
1.4328358208955223	0.9990138067061144
1.462962962962963	0.999112426035503
1.4936305732484074	0.9992110453648915
1.5185185185185186	0.9993096646942801
1.5737704918032789	0.9994082840236687
1.6190476190476186	0.9995069033530573
1.7222222222222225	0.9996055226824457
1.898846960167715	0.9997041420118343
3.8046647230320696	0.9998027613412229
3.8046647230320696	0.9999013806706114
